(  7, 10)(  8, 11)( 49, 52)( 50, 53)( 97,100)( 99,102)(109,112)(111,114)(188,189,191,192)(283,288,286,285)(331,332,334,335)(356,360,359,357)(367,369,370,372)(373,377,376,374)
(  7,  8, 10, 11)( 49, 53, 52, 50)( 67, 70)( 69, 72)( 80, 83)( 81, 84)( 91, 92)( 93, 96)( 94, 95)( 97,100)( 99,102)(109,112)(111,114)(115,118)(116,119)(134,137)(135,138)(139,141)(140,143)(142,144)(151,154)(153,156)(157,160)(158,161)(175,179)(176,178)(177,180)(181,186)(182,185)(183,184)(188,191)(189,192)(223,226)(224,227)(229,232)(231,234)(235,238)(236,237)(239,240)(248,251)(249,252)(259,263)(260,262)(261,264)(265,268)(266,269)(277,280)(278,282)(279,281)(283,286)(285,288)(302,305)(303,306)(307,312)(308,311)(309,310)(313,316)(315,318)(319,322)(320,324)(321,323)(331,334)(332,335)(343,344)(345,348)(346,347)(349,351)(350,353)(352,354)(356,359)(357,360)(361,364)(362,363)(365,366)(367,370)(369,372)(373,376)(374,377)
(  7, 11, 10,  8)( 49, 50, 52, 53)( 67, 70)( 69, 72)( 80, 83)( 81, 84)( 91, 92)( 93, 96)( 94, 95)( 97,100)( 99,102)(109,112)(111,114)(115,118)(116,119)(134,137)(135,138)(139,141)(140,143)(142,144)(151,154)(153,156)(157,160)(158,161)(175,179)(176,178)(177,180)(181,186)(182,185)(183,184)(188,191)(189,192)(223,226)(224,227)(229,232)(231,234)(235,238)(236,237)(239,240)(248,251)(249,252)(259,263)(260,262)(261,264)(265,268)(266,269)(277,280)(278,282)(279,281)(283,286)(285,288)(302,305)(303,306)(307,312)(308,311)(309,310)(313,316)(315,318)(319,322)(320,324)(321,323)(331,334)(332,335)(343,344)(345,348)(346,347)(349,351)(350,353)(352,354)(356,359)(357,360)(361,364)(362,363)(365,366)(367,370)(369,372)(373,376)(374,377)
( 13, 18, 16, 15)(109,114,112,111)(194,195,197,198)(218,219,221,222)
( 13, 15, 16, 18)(109,111,112,114)(194,198,197,195)(218,222,221,219)
( 19, 22)( 20, 21)( 23, 24)( 31, 33)( 32, 35)( 34, 36)( 37, 38)( 39, 42)( 40, 41)( 61, 64)( 62, 66)( 63, 65)( 73, 78)( 74, 77)( 75, 76)(103,106)(104,108)(105,107)(121,125)(122,124)(123,126)(145,148)(146,147)(149,150)(199,204)(200,203)(201,202)(205,209)(206,208)(207,210)(241,243)(242,245)(244,246)(289,290)(291,294)(292,293)
( 26, 30, 29, 27)(194,198,197,195)(218,221)(219,222)
( 26, 27, 29, 30)(194,195,197,198)(218,221)(219,222)
( 49, 52)( 50, 53)( 55, 58)( 56, 59)( 67, 70)( 69, 72)( 80, 83)( 81, 84)(115,118)(116,119)(134,137)(135,138)(151,154)(153,156)(157,160)(158,161)(188,192,191,189)(223,226)(224,227)(229,232)(231,234)(248,251)(249,252)(265,268)(266,269)(283,285,286,288)(302,305)(303,306)(313,316)(315,318)(331,335,334,332)(356,357,359,360)(367,372,370,369)(373,374,376,377)
( 49, 50, 52, 53)( 55, 56, 58, 59)( 91, 92)( 93, 96)( 94, 95)( 97,102,100, 99)(109,114,112,111)(139,141)(140,143)(142,144)(175,179)(176,178)(177,180)(181,186)(182,185)(183,184)(188,189,191,192)(235,238)(236,237)(239,240)(259,263)(260,262)(261,264)(277,280)(278,282)(279,281)(283,288,286,285)(307,312)(308,311)(309,310)(319,322)(320,324)(321,323)(331,332,334,335)(343,344)(345,348)(346,347)(349,351)(350,353)(352,354)(356,360,359,357)(361,364)(362,363)(365,366)(367,369,370,372)(373,377,376,374)
( 49, 53, 52, 50)( 55, 59, 58, 56)( 91, 92)( 93, 96)( 94, 95)( 97, 99,100,102)(109,111,112,114)(139,141)(140,143)(142,144)(175,179)(176,178)(177,180)(181,186)(182,185)(183,184)(188,192,191,189)(235,238)(236,237)(239,240)(259,263)(260,262)(261,264)(277,280)(278,282)(279,281)(283,285,286,288)(307,312)(308,311)(309,310)(319,322)(320,324)(321,323)(331,335,334,332)(343,344)(345,348)(346,347)(349,351)(350,353)(352,354)(356,357,359,360)(361,364)(362,363)(365,366)(367,372,370,369)(373,374,376,377)
( 67, 70)( 69, 72)( 80, 83)( 81, 84)(115,118)(116,119)(134,137)(135,138)(151,154)(153,156)(157,160)(158,161)(223,226)(224,227)(229,232)(231,234)(248,251)(249,252)(265,268)(266,269)(302,305)(303,306)(313,316)(315,318)
( 91, 92)( 93, 96)( 94, 95)(139,141)(140,143)(142,144)(175,179)(176,178)(177,180)(181,186)(182,185)(183,184)(235,238)(236,237)(239,240)(259,263)(260,262)(261,264)(277,280)(278,282)(279,281)(307,312)(308,311)(309,310)(319,322)(320,324)(321,323)(343,344)(345,348)(346,347)(349,351)(350,353)(352,354)(361,364)(362,363)(365,366)
( 97,100)( 99,102)(109,112)(111,114)(188,189,191,192)(283,288,286,285)(331,332,334,335)(356,360,359,357)(367,369,370,372)(373,377,376,374)
( 97,102,100, 99)(109,114,112,111)(194,198,197,195)(218,222,221,219)
( 97, 99,100,102)(109,111,112,114)(194,195,197,198)(218,219,221,222)
(188,191)(189,192)(283,286)(285,288)(331,334)(332,335)(356,359)(357,360)(367,370)(369,372)(373,376)(374,377)
(188,192,191,189)(194,197)(195,198)(218,221)(219,222)(283,285,286,288)(331,335,334,332)(356,357,359,360)(367,372,370,369)(373,374,376,377)
(188,189,191,192)(194,197)(195,198)(218,221)(219,222)(283,288,286,285)(331,332,334,335)(356,360,359,357)(367,369,370,372)(373,377,376,374)
( 97,100)( 99,102)(109,112)(111,114)(188,192,191,189)(283,285,286,288)(331,335,334,332)(356,357,359,360)(367,372,370,369)(373,374,376,377)
( 49, 52)( 50, 53)( 55, 58)( 56, 59)( 67, 70)( 69, 72)( 80, 83)( 81, 84)(115,118)(116,119)(134,137)(135,138)(151,154)(153,156)(157,160)(158,161)(188,189,191,192)(223,226)(224,227)(229,232)(231,234)(248,251)(249,252)(265,268)(266,269)(283,288,286,285)(302,305)(303,306)(313,316)(315,318)(331,332,334,335)(356,360,359,357)(367,369,370,372)(373,377,376,374)
(  7, 10)(  8, 11)( 49, 52)( 50, 53)( 97,100)( 99,102)(109,112)(111,114)(188,192,191,189)(283,285,286,288)(331,335,334,332)(356,357,359,360)(367,372,370,369)(373,374,376,377)

4096: (4^6/2) * (2) common face rotation + superflip
- Faces can make quarter turns, total turn count is even.
- superflip: flipping all common edges
- inv superflip: flipping all inverted edges
- all inv faces 180 deg rotation

2: all inverted edges can be fliped (anti-superflip)
2: [LFR] (3.1.32 inner edge, cross-face) all flipped
inv face 180:
(188,191)(189,192)(283,286)(285,288)(331,334)(332,335)(356,359)(357,360)(367,370)(369,372)(373,376)(374,377)


